depth	min	max	median	mean
19.5	559	922	746	746
20	578	936	763	762
20.5	596	955	779	779
21	610	976	794	795
21.5	621	1000	809	811
22	633	1025	824	827
22.5	644	1057	839	844
23	654	1088	855	860
23.5	675	1095	870	876
24	696	1109	888	892
24.5	714	1119	905	908
25	727	1135	922	924
25.5	742	1152	939	940
26	754	1167	954	956
26.5	763	1189	970	973
27	774	1211	986	989
27.5	799	1224	1000	1004
28	826	1237	1014	1019
28.5	849	1252	1029	1034
29	869	1266	1043	1049
29.5	886	1279	1058	1064
30	900	1294	1073	1079
30.5	914	1314	1088	1094
31	928	1339	1102	1109
31.5	969	1392	1151	1158
32	996	1464	1199	1206
32.5	1015	1545	1249	1255
33	1032	1630	1296	1303
33.5	1042	1729	1338	1352
34	1053	1836	1384	1400
34.5	1062	1954	1428	1449
35	1073	2073	1474	1497
35.5	1152	2087	1536	1557
36	1209	2117	1601	1617
36.5	1247	2143	1671	1677
37	1280	2181	1744	1737
37.5	1303	2230	1814	1797
38	1318	2293	1883	1857
38.5	1337	2374	1949	1917
39	1356	2468	2010	1977
39.5	1485	2479	2063	2035
40	1614	2496	2113	2092
40.5	1744	2513	2163	2149
41	1863	2530	2217	2207
41.5	1958	2556	2270	2264
42	2042	2580	2322	2322
42.5	2111	2614	2380	2379
43	2159	2679	2436	2436
43.5	2214	2706	2472	2473
44	2255	2742	2508	2509
44.5	2290	2787	2546	2546
45	2317	2842	2583	2583
45.5	2340	2911	2618	2619
46	2357	2989	2650	2656
46.5	2368	3070	2680	2692
47	2379	3147	2714	2729
47.5	2431	3168	2755	2769
48	2474	3194	2796	2809
48.5	2505	3221	2839	2849
49	2536	3253	2885	2889
49.5	2561	3297	2930	2930
50	2577	3341	2973	2970
50.5	2593	3394	3018	3010
51	2609	3457	3062	3050
51.5	2692	3477	3092	3087
52	2769	3490	3126	3124
52.5	2833	3515	3160	3161
53	2896	3537	3195	3198
53.5	2947	3564	3231	3235
54	2986	3591	3268	3272
54.5	3018	3640	3305	3308
55	3046	3688	3341	3345
55.5	3162	3766	3437	3444
56	3238	3896	3530	3543
56.5	3286	4065	3619	3641
57	3325	4251	3707	3740
57.5	3359	4458	3789	3838
58	3384	4677	3878	3937
58.5	3404	4898	3961	4035
59	3421	5130	4044	4134
59.5	3560	5170	4164	4240
60	3650	5209	4294	4346
60.5	3725	5273	4433	4452
61	3787	5348	4573	4557
61.5	3843	5436	4703	4663
62	3881	5545	4833	4769
62.5	3922	5682	4940	4875
63	3953	5870	5056	4981
63.5	4187	5892	5163	5099
64	4414	5912	5269	5217
64.5	4644	5935	5374	5335
65	4870	5961	5484	5453
65.5	5074	5990	5591	5571
66	5262	6029	5704	5689
66.5	5428	6084	5822	5807
67	5558	6171	5939	5925
67.5	5666	6249	6002	5995
68	5742	6351	6068	6065
68.5	5791	6475	6130	6135
69	5834	6615	6191	6206
69.5	5861	6765	6255	6276
70	5885	6923	6320	6346
70.5	5907	7090	6385	6417
71	5931	7263	6449	6487
71.5	6035	7290	6529	6565
72	6105	7314	6611	6643
72.5	6164	7348	6702	6722
73	6202	7394	6800	6800
73.5	6242	7438	6893	6878
74	6266	7500	6981	6956
74.5	6297	7589	7059	7034
75	6326	7720	7140	7113
75.5	6488	7733	7207	7185
76	6655	7747	7274	7257
76.5	6803	7762	7340	7329
77	6934	7781	7409	7401
77.5	7070	7804	7481	7473
78	7158	7827	7560	7545
78.5	7231	7860	7638	7617
79	7298	7914	7714	7689
79.5	7327	7921	7726	7703
80	7359	7929	7739	7717
80.5	7385	7937	7753	7730
81	7409	7947	7765	7744
81.5	7429	7958	7778	7758
82	7454	7971	7790	7772
82.5	7479	7983	7803	7786
83	7497	7998	7816	7800
83.5	7529	8004	7828	7813
84	7561	8010	7838	7825
84.5	7590	8018	7848	7837
85	7614	8026	7860	7850
85.5	7637	8035	7871	7862
86	7664	8047	7882	7875
86.5	7681	8061	7893	7887
87	7697	8075	7905	7900
87.5	7698	8076	7905	7900
88	7698	8076	7905	7900
88.5	7698	8076	7905	7901
89	7699	8076	7906	7901
89.5	7699	8077	7906	7901
90	7699	8077	7906	7901
90.000025	7699	8077	7906	7901
90.5	7699	8077	7907	7902
91	7700	8077	7907	7902
91.5	7702	8078	7909	7904
92	7705	8080	7912	7907
92.5	7708	8081	7915	7909
93	7710	8082	7917	7912
93.5	7716	8084	7920	7914
94	7718	8087	7922	7917
94.5	7722	8090	7925	7919
95	7725	8093	7927	7922
95.5	7729	8094	7929	7924
96	7730	8096	7931	7927
96.5	7733	8099	7934	7929
97	7736	8100	7937	7932
97.5	7739	8102	7939	7934
98	7742	8105	7941	7937
98.5	7745	8107	7944	7939
99	7746	8111	7946	7942
99.5	7750	8112	7949	7944
100	7753	8114	7951	7947
100.5	7756	8115	7954	7949
101	7758	8117	7956	7952
101.5	7763	8119	7959	7954
102	7765	8121	7961	7957
102.5	7768	8123	7964	7959
103	7771	8125	7966	7962
103.5	7774	8127	7968	7964
104	7777	8129	7971	7967
104.5	7780	8132	7974	7969
105	7783	8135	7976	7972
105.5	7785	8137	7978	7974
106	7789	8140	7981	7977
106.5	7790	8142	7983	7979
107	7792	8144	7986	7982
107.5	7795	8146	7988	7984
108	7799	8149	7991	7987
108.5	7800	8151	7993	7989
109	7802	8153	7996	7992
109.5	7807	8155	7999	7994
110	7811	8157	8001	7997
110.5	7814	8159	8004	7999
111	7817	8161	8006	8002
111.5	7821	8163	8009	8004
112	7824	8166	8011	8007
112.5	7827	8169	8014	8009
113	7830	8170	8016	8012
113.5	7833	8174	8019	8014
114	7836	8178	8021	8017
114.5	7840	8180	8024	8019
115	7843	8183	8026	8022
115.5	7847	8186	8028	8024
116	7849	8188	8031	8027
116.5	7852	8189	8033	8029
117	7856	8191	8036	8031
117.5	7858	8195	8038	8034
118	7860	8198	8041	8036
118.5	7863	8201	8043	8039
119	7865	8204	8045	8041
119.5	7868	8205	8047	8044
120	7870	8206	8050	8046
120.5	7873	8207	8052	8049
121	7874	8209	8055	8052
121.5	7876	8212	8057	8054
122	7878	8213	8060	8057
122.5	7883	8216	8063	8059
123	7886	8219	8065	8062
123.5	7889	8222	8068	8064
124	7894	8224	8070	8067
124.5	7899	8227	8073	8070
125	7903	8229	8076	8072
125.5	7906	8232	8078	8075
126	7907	8233	8081	8078
126.5	7910	8235	8084	8080
127	7913	8237	8087	8083
127.5	7916	8239	8089	8085
128	7919	8242	8091	8088
128.5	7921	8244	8094	8090
129	7924	8246	8096	8093
129.5	7926	8250	8098	8095
130	7928	8252	8101	8098
130.5	7932	8254	8103	8100
131	7936	8257	8105	8103
131.5	7939	8259	8108	8105
132	7941	8260	8110	8108
132.5	7944	8262	8113	8110
133	7947	8264	8115	8113
133.5	7950	8267	8118	8115
134	7952	8269	8120	8118
134.5	7955	8273	8122	8120
135	7959	8274	8125	8123
135.5	7963	8277	8127	8125
136	7967	8279	8129	8128
136.5	7971	8282	8132	8130
137	7974	8283	8134	8133
137.5	7977	8285	8137	8135
138	7979	8288	8139	8138
138.5	7982	8291	8142	8140
139	7984	8293	8144	8143
139.5	7988	8295	8147	8145
140	7990	8297	8150	8148
140.5	7994	8298	8153	8150
141	7996	8301	8155	8153
141.5	7999	8302	8158	8155
142	8002	8305	8160	8158
142.5	8006	8307	8163	8160
143	8009	8309	8165	8163
143.5	8011	8310	8168	8165
144	8015	8312	8170	8168
144.5	8018	8315	8173	8170
145	8021	8317	8175	8173
145.5	8025	8319	8178	8175
146	8027	8321	8180	8178
146.5	8030	8323	8183	8180
147	8032	8324	8185	8183
147.5	8036	8327	8188	8185
148	8040	8327	8191	8188
148.5	8042	8329	8194	8190
149	8045	8332	8196	8193
149.5	8048	8335	8199	8195
150	8051	8337	8201	8198
150.5	8054	8339	8204	8200
151	8056	8342	8207	8203
151.5	8059	8344	8209	8205
152	8062	8346	8212	8208
152.5	8064	8348	8214	8210
153	8067	8350	8217	8213
153.5	8069	8353	8219	8215
154	8072	8355	8222	8218
154.5	8074	8358	8224	8220
155	8076	8361	8227	8222
155.5	8081	8363	8229	8225
156	8083	8364	8232	8227
156.5	8087	8366	8234	8230
157	8091	8369	8237	8232
157.5	8093	8371	8239	8235
158	8095	8373	8241	8237
158.5	8097	8376	8244	8240
159	8101	8379	8246	8242
159.000025	8101	8379	8246	8242
159.5	8101	8379	8246	8242
160	8101	8379	8246	8242
160.5	8101	8379	8246	8242
161	8101	8379	8246	8242
161.5	8101	8379	8246	8242
162	8101	8379	8246	8242
162.5	8101	8379	8246	8242
163	8101	8379	8246	8242
163.5	8101	8379	8246	8242
164	8101	8379	8246	8242
164.5	8101	8379	8246	8242
165	8101	8379	8246	8242
165.5	8101	8379	8246	8242
166	8101	8379	8246	8242
166.5	8101	8379	8246	8242
167	8101	8379	8246	8242
167.5	8101	8379	8246	8242
168	8101	8379	8246	8242
168.5	8101	8379	8246	8242
169	8101	8379	8246	8242
169.5	8101	8379	8246	8242
170	8101	8379	8246	8242
170.000025	8101	8379	8246	8242
170.5	8106	8381	8249	8245
171	8109	8383	8252	8248
171.5	8112	8386	8255	8250
172	8113	8389	8258	8253
172.5	8116	8392	8261	8256
173	8118	8394	8263	8259
173.5	8120	8399	8266	8262
174	8122	8401	8269	8264
174.5	8126	8404	8272	8267
175	8129	8406	8275	8270
175.5	8133	8409	8278	8273
176	8137	8414	8280	8276
176.5	8140	8418	8283	8279
177	8142	8424	8286	8282
177.5	8144	8427	8290	8285
178	8146	8431	8292	8288
178.5	8150	8434	8295	8291
179	8152	8435	8299	8295
179.5	8154	8439	8302	8298
180	8156	8442	8304	8301
180.5	8158	8446	8307	8304
181	8160	8450	8310	8307
181.5	8162	8456	8313	8310
182	8167	8461	8316	8313
182.5	8170	8464	8319	8316
183	8173	8466	8322	8320
183.5	8177	8468	8325	8323
184	8179	8471	8328	8326
184.5	8180	8474	8331	8329
185	8183	8477	8335	8332
185.5	8185	8480	8338	8335
186	8189	8485	8341	8338
186.5	8192	8488	8343	8341
187	8195	8493	8346	8344
187.5	8197	8494	8349	8347
188	8199	8496	8352	8350
188.5	8201	8500	8355	8353
189	8203	8504	8358	8356
189.5	8206	8509	8362	8359
190	8207	8513	8365	8363
190.5	8212	8515	8367	8366
191	8215	8518	8370	8369
191.5	8218	8522	8373	8372
192	8222	8525	8376	8375
192.5	8226	8528	8379	8378
193	8228	8531	8382	8381
193.5	8231	8534	8385	8384
194	8233	8539	8388	8388
194.5	8236	8543	8391	8391
195	8238	8548	8394	8394
195.5	8241	8550	8397	8397
196	8244	8553	8401	8400
196.5	8248	8558	8404	8404
197	8251	8562	8407	8407
197.5	8255	8568	8410	8410
198	8257	8571	8413	8413
198.5	8261	8574	8417	8416
199	8264	8577	8420	8419
199.5	8266	8580	8422	8422
200	8270	8583	8425	8425
200.5	8273	8587	8429	8428
201	8275	8589	8431	8431
201.5	8278	8593	8434	8434
202	8281	8596	8437	8438
202.5	8285	8599	8440	8441
203	8288	8602	8444	8444
203.5	8293	8605	8447	8447
204	8296	8609	8450	8450
204.5	8299	8612	8453	8453
205	8301	8616	8457	8456
205.5	8303	8622	8460	8459
206	8305	8627	8463	8463
206.5	8308	8628	8466	8466
207	8311	8632	8469	8469
207.5	8314	8636	8472	8472
208	8317	8639	8475	8475
208.5	8319	8643	8478	8478
209	8321	8648	8481	8481
209.5	8324	8652	8484	8484
210	8327	8656	8487	8487
210.5	8330	8657	8490	8490
211	8333	8661	8492	8493
211.5	8336	8664	8495	8496
212	8339	8667	8499	8499
212.5	8342	8670	8501	8502
213	8344	8673	8504	8505
213.5	8347	8678	8507	8508
214	8349	8683	8509	8512
214.5	8352	8685	8512	8515
215	8355	8688	8516	8518
215.5	8358	8691	8519	8521
216	8362	8695	8522	8524
216.5	8364	8700	8525	8527
217	8366	8703	8529	8531
217.5	8368	8708	8532	8534
218	8371	8713	8535	8537
218.5	8375	8716	8538	8540
219	8378	8718	8541	8543
219.5	8381	8719	8544	8546
220	8383	8721	8547	8549
220.5	8386	8724	8550	8552
221	8389	8728	8553	8555
221.5	8391	8731	8555	8557
222	8394	8733	8558	8560
222.5	8396	8736	8561	8563
223	8399	8738	8564	8566
223.5	8401	8742	8568	8570
224	8406	8746	8571	8573
224.5	8409	8752	8573	8576
225	8411	8756	8577	8579
225.5	8414	8760	8580	8582
226	8417	8763	8583	8585
226.5	8420	8766	8586	8588
227	8424	8769	8589	8591
227.5	8427	8772	8592	8594
228	8429	8774	8595	8597
228.5	8433	8776	8598	8600
229	8436	8779	8601	8603
229.5	8439	8782	8604	8606
230	8441	8785	8608	8609
230.5	8445	8788	8611	8612
231	8449	8789	8614	8615
231.5	8453	8791	8617	8618
232	8456	8793	8620	8622
232.5	8459	8796	8623	8625
233	8462	8799	8626	8628
233.5	8466	8802	8629	8631
234	8470	8805	8632	8634
234.5	8472	8809	8635	8637
235	8474	8813	8638	8640
235.5	8477	8817	8641	8643
236	8479	8819	8644	8646
236.5	8483	8822	8647	8649
237	8484	8826	8650	8652
237.5	8486	8829	8653	8655
238	8489	8833	8655	8658
238.5	8492	8835	8658	8662
239	8495	8838	8662	8665
239.5	8499	8841	8665	8668
240	8501	8845	8669	8671
240.5	8502	8848	8672	8674
241	8504	8851	8675	8677
241.5	8506	8854	8679	8680
242	8510	8859	8682	8684
242.5	8513	8862	8685	8687
243	8519	8864	8688	8690
243.5	8522	8866	8692	8693
244	8525	8870	8695	8696
244.5	8528	8873	8698	8699
245	8531	8876	8701	8702
245.5	8532	8878	8703	8705
246	8537	8882	8706	8708
246.5	8539	8884	8709	8711
247	8543	8887	8713	8714
247.5	8546	8889	8716	8717
248	8549	8893	8719	8720
248.5	8551	8895	8722	8723
249	8555	8899	8724	8726
249.5	8557	8902	8728	8729
250	8561	8905	8731	8732
250.5	8564	8907	8734	8735
251	8567	8909	8737	8738
251.5	8569	8912	8740	8741
252	8572	8915	8743	8744
252.5	8574	8918	8746	8747
253	8576	8921	8749	8750
253.5	8579	8924	8752	8753
254	8581	8927	8755	8756
254.5	8584	8930	8758	8759
255	8587	8934	8761	8762
255.5	8589	8935	8764	8765
256	8593	8939	8767	8768
256.5	8596	8942	8771	8772
257	8599	8945	8774	8775
257.5	8601	8950	8777	8778
258	8604	8953	8781	8781
258.5	8609	8956	8784	8784
259	8614	8958	8787	8787
259.5	8618	8960	8790	8790
260	8622	8964	8794	8793
260.5	8626	8967	8796	8796
261	8629	8971	8799	8799
261.5	8631	8973	8802	8803
262	8633	8977	8805	8806
262.5	8638	8980	8808	8809
263	8641	8983	8811	8812
263.5	8644	8987	8815	8815
264	8649	8991	8818	8818
264.5	8652	8994	8821	8821
265	8655	8997	8824	8824
265.5	8658	9001	8827	8827
266	8659	9004	8831	8831
266.5	8662	9008	8833	8834
267	8665	9012	8836	8837
267.5	8668	9014	8839	8840
268	8671	9017	8841	8843
268.5	8674	9019	8845	8846
269	8677	9021	8848	8849
269.5	8680	9023	8851	8852
270	8681	9026	8854	8855
270.5	8684	9030	8857	8858
271	8687	9032	8861	8862
271.5	8691	9035	8864	8865
272	8695	9038	8868	8868
272.5	8699	9040	8871	8871
273	8702	9044	8875	8874
273.5	8704	9046	8878	8877
274	8706	9050	8882	8881
274.5	8711	9051	8884	8884
275	8715	9054	8887	8887
275.5	8718	9058	8891	8890
276	8723	9063	8894	8893
276.5	8728	9066	8897	8896
277	8732	9068	8900	8899
277.5	8734	9072	8903	8902
278	8738	9075	8906	8905
278.5	8741	9078	8909	8908
279	8746	9081	8913	8911
279.5	8749	9085	8915	8914
280	8751	9087	8918	8917
280.5	8754	9089	8921	8920
281	8759	9091	8924	8923
281.5	8761	9095	8927	8926
282	8763	9098	8931	8929
282.5	8766	9102	8933	8932
283	8768	9105	8936	8935
283.5	8772	9108	8939	8938
284	8776	9112	8942	8941
284.5	8779	9116	8945	8944
285	8782	9119	8948	8947
285.5	8784	9123	8951	8950
286	8788	9126	8954	8953
286.5	8792	9128	8957	8957
287	8795	9132	8960	8960
287.5	8799	9135	8963	8963
288	8803	9138	8966	8966
288.5	8806	9140	8969	8969
289	8810	9142	8972	8972
289.5	8813	9145	8975	8975
290	8814	9148	8978	8978
290.5	8819	9150	8981	8981
291	8821	9152	8984	8984
291.5	8824	9156	8987	8987
292	8826	9158	8990	8990
292.5	8831	9160	8993	8993
293	8833	9163	8996	8996
293.5	8836	9166	8998	8999
294	8838	9170	9001	9002
294.5	8842	9172	9005	9005
295	8846	9174	9008	9008
295.5	8850	9177	9010	9011
296	8853	9180	9014	9014
296.5	8856	9184	9017	9017
297	8858	9187	9020	9020
297.5	8863	9190	9023	9023
298	8866	9193	9026	9026
298.5	8869	9195	9030	9029
299	8873	9197	9032	9032
299.5	8878	9200	9035	9035
300	8880	9203	9038	9038
300.5	8882	9205	9041	9041
301	8885	9208	9044	9045
301.5	8888	9211	9047	9048
302	8891	9215	9049	9051
302.5	8896	9217	9052	9054
303	8900	9220	9056	9057
303.5	8903	9223	9059	9060
304	8906	9227	9062	9063
304.5	8908	9231	9065	9066
305	8911	9234	9068	9069
305.5	8914	9237	9070	9072
306	8916	9241	9073	9075
306.5	8921	9242	9076	9078
307	8927	9246	9079	9082
307.5	8930	9249	9082	9085
308	8933	9251	9086	9088
308.5	8937	9254	9089	9091
309	8940	9256	9092	9094
309.5	8942	9260	9095	9097
310	8943	9263	9098	9100
310.5	8948	9265	9101	9103
311	8952	9268	9103	9106
311.5	8955	9272	9106	9109
312	8959	9275	9110	9112
312.5	8963	9278	9112	9115
313	8968	9281	9115	9118
313.5	8969	9284	9118	9121
314	8972	9286	9121	9124
314.5	8975	9289	9123	9127
315	8978	9291	9127	9131
315.5	8981	9294	9130	9134
316	8984	9296	9133	9137
316.5	8986	9301	9136	9140
317	8990	9305	9140	9143
317.5	8993	9309	9143	9146
318	8995	9312	9146	9149
318.5	8999	9315	9148	9152
319	9001	9318	9151	9155
319.5	9003	9321	9155	9158
320	9006	9325	9158	9161
320.5	9008	9327	9161	9164
321	9010	9331	9164	9167
321.5	9012	9335	9166	9170
322	9014	9339	9170	9173
322.5	9017	9341	9172	9176
323	9021	9344	9175	9179
323.5	9024	9346	9178	9182
324	9027	9349	9180	9185
324.5	9030	9352	9183	9187
325	9033	9355	9186	9190
325.5	9035	9360	9189	9193
326	9037	9364	9192	9196
326.5	9040	9368	9195	9199
327	9044	9370	9199	9202
327.5	9047	9372	9202	9205
328	9050	9374	9205	9208
328.5	9051	9378	9207	9211
329	9054	9382	9211	9214
329.5	9058	9385	9213	9217
330	9059	9389	9217	9220
330.5	9064	9391	9220	9223
331	9067	9396	9224	9226
331.5	9071	9398	9227	9229
332	9073	9403	9230	9232
332.5	9076	9406	9233	9235
333	9078	9411	9236	9238
333.5	9080	9415	9239	9241
334	9082	9416	9242	9243
334.5	9086	9420	9245	9247
335	9088	9423	9249	9250
335.5	9090	9427	9252	9253
336	9092	9431	9255	9256
336.5	9094	9434	9257	9259
337	9096	9437	9261	9262
337.5	9099	9441	9264	9265
338	9102	9446	9267	9268
338.5	9105	9448	9270	9271
339	9109	9451	9273	9274
339.5	9112	9455	9276	9277
340	9115	9458	9279	9280
340.5	9118	9461	9282	9283
341	9120	9463	9285	9286
341.5	9122	9464	9289	9289
342	9126	9468	9292	9292
342.5	9129	9472	9294	9295
343	9132	9477	9297	9298
343.5	9134	9480	9300	9301
344	9136	9483	9303	9304
344.5	9140	9485	9307	9307
345	9141	9489	9310	9310
345.5	9143	9493	9312	9313
346	9147	9495	9315	9316
346.5	9149	9498	9318	9319
347	9153	9501	9321	9322
347.5	9157	9504	9324	9325
348	9160	9508	9326	9328
348.5	9162	9511	9329	9331
349	9165	9515	9332	9334
349.5	9167	9520	9335	9337
350	9170	9525	9338	9340
350.5	9174	9528	9340	9343
351	9176	9529	9344	9346
351.5	9180	9532	9347	9349
352	9183	9535	9349	9352
352.5	9186	9537	9353	9355
353	9188	9539	9356	9358
353.5	9190	9541	9359	9361
354	9193	9546	9362	9364
354.5	9197	9548	9366	9367
355	9199	9551	9369	9370
355.5	9201	9554	9372	9373
356	9203	9558	9375	9376
356.5	9205	9559	9377	9379
357	9207	9561	9380	9382
357.5	9210	9563	9383	9385
358	9213	9566	9386	9388
358.5	9215	9568	9389	9391
359	9218	9571	9393	9394
359.5	9221	9574	9396	9397
360	9223	9577	9399	9400
360.5	9225	9581	9402	9403
361	9228	9585	9405	9406
361.5	9232	9589	9409	9409
362	9234	9592	9411	9412
362.5	9238	9595	9415	9415
363	9240	9597	9418	9417
363.5	9243	9600	9421	9420
364	9248	9604	9424	9423
364.5	9252	9606	9426	9426
365	9253	9609	9429	9429
365.5	9255	9613	9432	9432
366	9258	9615	9435	9435
366.5	9261	9618	9438	9438
367	9264	9621	9441	9441
367.5	9267	9625	9443	9444
368	9269	9628	9446	9447
368.5	9272	9631	9450	9450
369	9275	9634	9453	9453
369.5	9278	9638	9456	9456
370	9280	9643	9459	9459
370.5	9283	9646	9461	9462
371	9285	9650	9465	9465
371.5	9288	9653	9468	9468
372	9291	9655	9471	9471
372.5	9293	9658	9474	9474
373	9295	9661	9477	9477
373.5	9297	9664	9480	9480
374	9300	9667	9483	9483
374.5	9304	9669	9486	9486
375	9307	9672	9489	9489
375.5	9311	9674	9493	9492
376	9314	9677	9496	9495
376.5	9317	9681	9499	9498
377	9321	9684	9502	9500
377.5	9322	9688	9505	9503
378	9326	9691	9508	9506
378.5	9330	9694	9511	9509
379	9332	9697	9514	9512
379.5	9336	9700	9517	9515
380	9338	9702	9520	9519
380.5	9340	9704	9524	9522
381	9344	9707	9527	9525
381.5	9346	9710	9529	9528
382	9349	9713	9532	9531
382.5	9351	9715	9535	9534
383	9353	9718	9538	9537
383.5	9356	9720	9540	9540
384	9359	9723	9543	9542
384.5	9362	9726	9546	9545
385	9366	9730	9549	9548
385.5	9367	9733	9552	9551
386	9370	9737	9555	9554
386.5	9372	9739	9558	9557
387	9375	9743	9561	9560
387.5	9377	9745	9564	9563
388	9378	9748	9567	9566
388.5	9381	9749	9571	9569
389	9384	9754	9573	9572
389.5	9387	9758	9576	9575
390	9389	9762	9579	9578
390.5	9392	9765	9582	9581
391	9395	9767	9584	9584
391.5	9397	9770	9588	9587
392	9399	9774	9591	9590
392.5	9402	9776	9594	9593
393	9406	9779	9596	9595
393.5	9409	9782	9599	9598
394	9411	9785	9602	9601
394.5	9415	9787	9605	9604
395	9418	9789	9608	9607
395.5	9421	9791	9611	9610
396	9425	9792	9614	9613
396.5	9428	9795	9617	9616
397	9430	9799	9619	9619
397.5	9433	9802	9622	9622
398	9435	9806	9625	9625
398.5	9439	9807	9628	9627
399	9441	9811	9631	9630
399.5	9444	9813	9633	9633
400	9447	9816	9636	9636
400.5	9450	9818	9639	9639
401	9453	9821	9641	9642
401.5	9454	9825	9644	9645
402	9456	9828	9647	9648
402.5	9459	9831	9650	9651
403	9464	9833	9653	9654
403.5	9466	9836	9655	9657
404	9469	9839	9659	9660
404.5	9473	9844	9661	9663
405	9477	9848	9664	9666
405.5	9479	9852	9667	9669
406	9482	9856	9670	9672
406.5	9487	9859	9673	9674
407	9490	9860	9676	9677
407.5	9495	9862	9680	9680
408	9498	9863	9682	9683
408.5	9502	9867	9685	9686
409	9503	9871	9690	9689
409.5	9505	9874	9693	9692
410	9507	9878	9696	9695
410.5	9511	9881	9698	9698
411	9515	9884	9701	9701
411.5	9518	9886	9704	9704
412	9521	9889	9706	9707
412.5	9524	9893	9710	9710
413	9528	9897	9714	9713
413.5	9532	9900	9717	9716
414	9535	9903	9719	9718
414.5	9538	9905	9722	9721
415	9541	9908	9725	9725
415.5	9542	9910	9728	9728
416	9545	9912	9730	9731
416.5	9548	9915	9733	9734
417	9551	9918	9736	9737
417.5	9553	9921	9739	9740
418	9555	9924	9743	9743
418.5	9558	9927	9746	9746
419	9561	9929	9748	9748
419.5	9565	9932	9752	9751
420	9567	9934	9755	9754
420.5	9570	9937	9758	9757
421	9573	9939	9760	9760
421.5	9576	9942	9764	9763
422	9577	9944	9767	9766
422.5	9581	9947	9770	9769
423	9583	9951	9773	9772
423.5	9587	9952	9776	9775
424	9590	9955	9780	9778
424.5	9594	9958	9782	9780
425	9596	9961	9785	9783
425.5	9600	9964	9788	9786
426	9604	9969	9791	9789
426.5	9607	9972	9794	9792
427	9611	9974	9797	9795
427.5	9614	9976	9801	9798
428	9618	9979	9804	9801
428.5	9621	9983	9807	9804
429	9623	9986	9810	9808
429.5	9626	9988	9814	9811
430	9630	9991	9817	9814
430.5	9632	9994	9820	9817
431	9635	9996	9823	9820
431.5	9639	9998	9826	9823
432	9642	10002	9828	9826
432.5	9645	10005	9831	9829
433	9648	10009	9834	9832
433.5	9652	10014	9837	9835
434	9656	10017	9840	9838
434.5	9658	10019	9843	9841
435	9660	10022	9846	9844
435.5	9664	10026	9849	9846
436	9668	10028	9852	9849
436.5	9672	10030	9855	9852
437	9674	10032	9857	9855
437.5	9677	10035	9860	9858
438	9679	10039	9863	9861
438.5	9682	10041	9866	9864
439	9687	10044	9869	9867
439.5	9690	10046	9872	9870
440	9693	10049	9875	9873
440.5	9695	10052	9878	9876
441	9698	10055	9882	9879
441.5	9702	10059	9884	9882
442	9706	10063	9887	9885
442.5	9710	10066	9890	9888
443	9712	10068	9894	9891
443.5	9715	10070	9896	9894
444	9718	10072	9899	9896
444.5	9719	10075	9901	9899
445	9722	10078	9905	9902
445.5	9724	10081	9907	9905
446	9727	10084	9910	9908
446.5	9730	10086	9913	9911
447	9734	10089	9916	9914
447.5	9736	10091	9919	9917
448	9739	10093	9922	9919
448.5	9740	10096	9924	9922
449	9743	10097	9927	9925
449.5	9745	10102	9930	9928
450	9749	10105	9933	9930
450.5	9750	10107	9935	9933
451	9753	10110	9938	9935
451.5	9757	10113	9940	9938
452	9759	10115	9942	9941
452.5	9761	10118	9945	9943
453	9764	10120	9947	9946
453.5	9766	10123	9950	9948
454	9769	10128	9952	9951
454.5	9771	10130	9955	9954
455	9774	10132	9958	9956
455.5	9777	10134	9960	9959
456	9781	10136	9962	9961
456.5	9784	10138	9965	9964
457	9786	10141	9967	9967
457.5	9789	10143	9970	9969
458	9792	10146	9972	9972
458.5	9795	10149	9974	9974
459	9798	10151	9977	9977
459.5	9801	10153	9979	9979
460	9805	10155	9982	9982
460.5	9807	10158	9984	9984
461	9809	10160	9987	9987
461.5	9813	10163	9990	9989
462	9815	10166	9992	9992
462.5	9818	10168	9995	9994
463	9822	10170	9997	9997
463.5	9824	10173	10000	10000
464	9827	10175	10003	10002
464.5	9829	10177	10005	10005
465	9831	10181	10008	10007
465.5	9833	10183	10010	10010
466	9835	10185	10013	10013
466.5	9838	10187	10016	10015
467	9839	10189	10019	10018
467.5	9842	10193	10022	10020
468	9844	10195	10024	10023
468.5	9845	10198	10026	10026
469	9848	10201	10029	10028
469.5	9850	10203	10032	10031
470	9852	10205	10034	10033
470.5	9855	10207	10036	10036
471	9858	10211	10039	10038
471.5	9860	10213	10041	10041
472	9864	10215	10044	10044
472.5	9868	10217	10046	10046
473	9870	10222	10049	10049
473.5	9873	10224	10052	10051
474	9875	10228	10054	10054
474.5	9878	10229	10057	10056
475	9881	10231	10059	10059
475.5	9885	10234	10062	10062
476	9887	10235	10064	10064
476.5	9888	10239	10067	10067
477	9890	10242	10070	10069
477.5	9893	10245	10072	10072
478	9896	10249	10074	10075
478.5	9901	10251	10077	10077
479	9902	10254	10080	10080
479.5	9905	10255	10082	10082
480	9908	10257	10084	10085
480.5	9913	10259	10087	10087
481	9917	10261	10090	10090
481.5	9920	10263	10092	10092
482	9922	10267	10096	10095
482.5	9924	10269	10098	10098
483	9926	10271	10100	10100
483.5	9929	10274	10103	10103
484	9931	10276	10105	10105
484.5	9933	10279	10108	10108
485	9936	10281	10111	10111
485.5	9937	10284	10113	10113
486	9938	10286	10116	10116
486.5	9942	10289	10118	10119
487	9946	10291	10121	10121
487.5	9949	10294	10123	10124
488	9953	10296	10126	10126
488.5	9956	10298	10129	10129
489	9957	10301	10131	10132
489.5	9959	10303	10134	10134
490	9963	10307	10137	10137
490.5	9966	10308	10139	10139
491	9968	10310	10141	10142
491.5	9972	10311	10143	10144
492	9975	10313	10146	10147
492.5	9977	10316	10148	10150
493	9980	10319	10151	10152
493.5	9983	10322	10153	10155
494	9983	10325	10156	10157
494.5	9988	10328	10159	10160
495	9992	10331	10161	10162
495.5	9993	10334	10163	10165
496	9995	10337	10165	10168
496.5	9998	10340	10168	10170
497	10000	10342	10170	10173
497.5	10002	10344	10173	10175
498	10003	10347	10176	10178
498.5	10006	10349	10178	10180
499	10009	10351	10181	10183
499.5	10013	10353	10184	10186
500	10015	10355	10186	10188
500.5	10017	10357	10189	10191
501	10021	10359	10192	10193
501.5	10023	10362	10195	10196
502	10025	10365	10197	10198
502.5	10029	10368	10199	10201
503	10032	10371	10202	10204
503.5	10036	10373	10204	10206
504	10038	10375	10207	10209
504.5	10041	10378	10210	10211
505	10043	10381	10212	10214
505.5	10045	10385	10214	10216
506	10048	10388	10217	10219
506.5	10050	10391	10219	10221
507	10055	10394	10221	10224
507.5	10058	10395	10223	10226
508	10062	10397	10226	10229
508.5	10064	10399	10228	10232
509	10066	10402	10231	10234
509.5	10068	10405	10233	10237
510	10070	10408	10235	10239
510.5	10072	10410	10238	10242
511	10077	10411	10241	10244
511.5	10082	10412	10243	10247
512	10085	10415	10246	10250
512.5	10088	10417	10249	10252
513	10090	10420	10251	10255
513.5	10094	10422	10254	10258
514	10098	10424	10257	10260
514.5	10099	10426	10259	10263
515	10102	10427	10262	10265
515.5	10105	10429	10264	10268
516	10109	10431	10267	10270
516.5	10112	10433	10269	10273
517	10114	10438	10272	10276
517.5	10117	10441	10275	10278
518	10118	10445	10278	10281
518.5	10123	10447	10280	10283
519	10126	10449	10283	10286
519.5	10128	10451	10285	10289
520	10129	10453	10287	10291
520.5	10132	10455	10290	10294
521	10134	10457	10293	10296
521.5	10137	10459	10295	10299
522	10139	10461	10298	10302
522.5	10142	10463	10300	10304
523	10144	10465	10303	10306
523.5	10148	10468	10305	10309
524	10150	10470	10308	10311
524.5	10153	10471	10310	10314
525	10155	10474	10313	10316
525.5	10156	10476	10316	10318
526	10158	10479	10319	10321
526.5	10161	10483	10321	10323
527	10164	10485	10323	10326
527.5	10167	10486	10325	10328
528	10169	10488	10327	10330
528.5	10171	10491	10330	10332
529	10173	10494	10333	10335
529.5	10175	10497	10335	10337
530	10177	10501	10337	10339
530.5	10179	10502	10339	10342
531	10181	10505	10342	10344
531.5	10184	10507	10344	10346
532	10187	10510	10346	10348
532.5	10190	10512	10348	10351
533	10192	10514	10350	10353
533.5	10194	10517	10352	10355
534	10197	10519	10354	10357
534.5	10198	10521	10357	10360
535	10202	10523	10359	10362
535.5	10206	10525	10362	10364
536	10208	10527	10364	10367
536.5	10210	10529	10367	10369
537	10214	10532	10369	10371
537.5	10215	10535	10371	10374
538	10217	10538	10373	10376
538.5	10220	10539	10376	10378
539	10222	10544	10378	10381
539.5	10224	10545	10381	10383
540	10227	10549	10383	10385
540.5	10230	10552	10386	10387
541	10232	10556	10388	10390
541.5	10234	10557	10390	10392
542	10234	10559	10392	10394
542.5	10239	10561	10395	10396
543	10241	10563	10397	10399
543.5	10243	10565	10399	10401
544	10245	10567	10401	10403
544.5	10246	10568	10403	10405
545	10248	10572	10406	10408
545.5	10250	10575	10408	10410
546	10250	10576	10410	10412
546.5	10255	10579	10412	10414
547	10257	10580	10414	10417
547.5	10259	10582	10416	10419
548	10263	10585	10419	10421
548.5	10265	10587	10421	10423
549	10268	10589	10423	10425
549.5	10271	10592	10425	10428
550	10273	10596	10428	10430
550.5	10277	10597	10430	10432
551	10279	10600	10433	10435
551.5	10282	10602	10435	10437
552	10284	10604	10437	10439
552.5	10288	10606	10439	10442
553	10290	10607	10442	10444
553.5	10292	10609	10444	10446
554	10293	10612	10447	10449
554.5	10297	10614	10449	10451
555	10298	10616	10451	10453
555.5	10299	10617	10454	10456
556	10302	10620	10457	10458
556.5	10303	10623	10459	10460
557	10305	10626	10462	10463
557.5	10308	10628	10464	10465
558	10309	10631	10466	10467
558.5	10312	10632	10468	10469
559	10313	10633	10471	10472
559.5	10315	10636	10474	10474
560	10317	10639	10476	10476
560.5	10319	10642	10478	10478
561	10321	10644	10481	10481
561.5	10323	10647	10483	10483
562	10326	10650	10485	10485
562.5	10329	10652	10487	10487
563	10331	10655	10489	10490
563.5	10333	10657	10491	10492
564	10337	10660	10494	10494
564.5	10338	10662	10496	10496
565	10341	10665	10498	10499
565.5	10344	10667	10500	10501
566	10345	10669	10502	10503
566.5	10349	10671	10505	10505
567	10351	10673	10507	10508
567.5	10354	10675	10509	10510
568	10355	10678	10511	10512
568.5	10357	10681	10513	10515
569	10359	10682	10516	10517
569.5	10361	10684	10518	10519
570	10364	10686	10520	10521
570.5	10367	10687	10523	10524
571	10372	10690	10525	10526
571.5	10373	10693	10527	10528
572	10376	10697	10529	10531
572.5	10378	10699	10532	10533
573	10380	10702	10534	10535
573.5	10382	10704	10537	10538
574	10384	10706	10539	10540
574.5	10388	10708	10541	10542
575	10390	10710	10543	10544
575.5	10391	10711	10546	10547
576	10394	10714	10548	10549
576.5	10397	10716	10550	10551
577	10399	10718	10552	10553
577.5	10401	10720	10555	10556
578	10404	10722	10557	10558
578.5	10405	10725	10560	10560
579	10407	10728	10562	10563
579.5	10410	10730	10565	10565
580	10414	10732	10567	10567
580.5	10416	10736	10569	10569
581	10419	10737	10571	10572
581.5	10421	10739	10573	10574
582	10423	10741	10576	10576
582.5	10425	10742	10578	10579
583	10429	10745	10580	10581
583.5	10431	10747	10582	10583
584	10434	10749	10584	10585
584.5	10436	10751	10586	10588
585	10438	10753	10588	10590
585.5	10440	10755	10590	10592
586	10442	10758	10593	10595
586.5	10445	10759	10594	10597
587	10447	10762	10597	10599
587.5	10449	10765	10599	10601
588	10450	10766	10601	10604
588.5	10453	10766	10604	10606
589	10455	10770	10605	10608
589.5	10456	10771	10608	10610
590	10458	10774	10611	10613
590.5	10460	10776	10613	10615
591	10462	10778	10615	10617
591.5	10464	10781	10617	10619
592	10466	10783	10619	10622
592.5	10468	10786	10621	10624
593	10469	10789	10624	10626
593.5	10470	10791	10626	10628
594	10473	10795	10628	10631
594.5	10475	10796	10631	10633
595	10477	10797	10633	10635
595.5	10479	10799	10635	10637
596	10482	10800	10638	10640
596.5	10484	10802	10640	10642
597	10486	10804	10642	10644
597.5	10491	10807	10645	10647
598	10493	10810	10647	10649
598.5	10496	10811	10649	10651
599	10498	10813	10652	10653
599.5	10502	10816	10653	10655
600	10504	10820	10656	10658
600.5	10506	10823	10658	10660
601	10508	10826	10661	10662
601.5	10509	10829	10663	10664
602	10510	10831	10665	10667
602.5	10512	10834	10667	10669
603	10514	10836	10670	10671
603.5	10516	10838	10672	10673
604	10518	10840	10675	10675
604.5	10521	10842	10677	10678
605	10523	10844	10679	10680
605.5	10525	10847	10681	10682
606	10527	10851	10684	10684
606.5	10529	10854	10686	10686
607	10531	10857	10688	10689
607.5	10533	10858	10690	10691
608	10536	10861	10692	10693
608.5	10538	10863	10695	10695
609	10541	10865	10696	10698
609.5	10544	10867	10698	10700
610	10546	10871	10700	10702
610.5	10549	10873	10702	10704
611	10551	10876	10705	10707
611.5	10553	10878	10707	10709
612	10556	10880	10709	10711
612.5	10558	10883	10711	10713
613	10560	10886	10714	10716
613.5	10562	10889	10716	10718
614	10564	10891	10718	10720
614.5	10566	10893	10720	10722
615	10568	10894	10722	10724
615.5	10570	10897	10724	10726
616	10572	10901	10726	10729
616.5	10574	10904	10728	10731
617	10575	10908	10730	10733
617.5	10577	10911	10732	10735
618	10580	10914	10734	10737
618.5	10582	10917	10736	10739
619	10585	10918	10739	10742
619.5	10588	10921	10741	10744
620	10590	10924	10743	10746
620.5	10592	10925	10744	10748
621	10594	10928	10747	10750
621.5	10597	10930	10749	10752
622	10599	10932	10751	10754
622.5	10601	10935	10753	10756
623	10603	10937	10755	10759
623.5	10606	10939	10758	10761
624	10607	10942	10760	10763
624.5	10608	10944	10763	10765
625	10609	10946	10765	10768
625.5	10612	10949	10767	10770
626	10615	10954	10770	10772
626.5	10616	10956	10772	10774
627	10619	10958	10774	10776
627.5	10620	10961	10776	10779
628	10623	10963	10778	10781
628.5	10625	10964	10781	10783
629	10628	10967	10783	10785
629.5	10628	10969	10785	10787
630	10630	10974	10787	10790
630.5	10634	10976	10789	10792
631	10636	10977	10791	10794
631.5	10637	10978	10793	10796
632	10639	10980	10796	10798
632.5	10643	10983	10798	10800
633	10645	10984	10800	10802
633.5	10646	10987	10802	10805
634	10647	10990	10805	10807
634.5	10651	10992	10807	10809
635	10653	10993	10809	10811
635.5	10655	10995	10811	10813
636	10657	10997	10813	10815
636.5	10658	10998	10815	10817
637	10660	11002	10817	10820
637.5	10662	11004	10819	10822
638	10665	11005	10822	10824
638.5	10668	11006	10824	10826
639	10670	11009	10825	10828
639.5	10673	11011	10827	10831
640	10675	11014	10830	10833
640.5	10676	11017	10832	10835
641	10677	11019	10835	10837
641.5	10679	11022	10837	10839
642	10679	11024	10839	10842
642.5	10683	11026	10841	10844
643	10684	11030	10844	10846
643.5	10687	11032	10846	10848
644	10690	11035	10848	10850
644.5	10691	11039	10850	10853
645	10693	11042	10852	10855
645.5	10695	11043	10854	10857
646	10696	11044	10857	10859
646.5	10699	11047	10859	10861
647	10702	11049	10861	10863
647.5	10704	11052	10863	10866
648	10706	11055	10866	10868
648.5	10708	11056	10868	10870
649	10710	11062	10870	10872
649.5	10711	11064	10872	10874
650	10713	11066	10874	10877
650.5	10715	11070	10876	10879
651	10717	11073	10878	10881
651.5	10719	11077	10880	10883
652	10722	11080	10882	10886
652.5	10724	11083	10884	10888
653	10726	11086	10887	10890
653.5	10728	11088	10889	10892
654	10730	11092	10891	10895
654.5	10733	11094	10893	10897
655	10736	11096	10895	10899
655.5	10738	11099	10898	10901
656	10741	11100	10899	10903
656.5	10743	11102	10902	10906
657	10745	11103	10905	10908
657.5	10748	11107	10907	10910
658	10749	11108	10909	10912
658.5	10752	11109	10911	10914
659	10755	11112	10914	10917
659.5	10758	11116	10916	10919
660	10760	11118	10918	10921
660.5	10761	11121	10920	10923
661	10763	11122	10923	10926
661.5	10766	11125	10925	10928
662	10768	11126	10927	10930
662.5	10770	11128	10929	10932
663	10772	11132	10931	10934
663.5	10774	11134	10934	10937
664	10777	11136	10936	10939
664.5	10778	11138	10939	10941
665	10779	11140	10942	10943
665.5	10782	11143	10944	10945
666	10783	11146	10946	10948
666.5	10786	11148	10948	10950
667	10788	11149	10949	10952
667.5	10789	11151	10952	10954
668	10792	11154	10953	10956
668.5	10793	11155	10955	10958
669	10796	11157	10958	10960
669.5	10798	11161	10960	10963
670	10799	11164	10962	10965
670.5	10802	11166	10964	10967
671	10803	11168	10966	10969
671.5	10805	11170	10968	10971
672	10807	11172	10970	10973
672.5	10810	11176	10972	10976
673	10812	11179	10974	10978
673.5	10813	11180	10976	10980
674	10815	11182	10978	10982
674.5	10817	11184	10980	10984
675	10820	11191	10983	10986
675.5	10822	11193	10985	10989
676	10825	11195	10987	10991
676.5	10827	11196	10989	10993
677	10828	11198	10991	10995
677.5	10829	11200	10993	10998
678	10831	11202	10996	11000
678.5	10834	11206	10998	11002
679	10836	11208	11000	11004
679.5	10839	11210	11002	11006
680	10842	11211	11005	11009
680.5	10844	11213	11007	11011
681	10846	11213	11009	11013
681.5	10848	11215	11012	11015
682	10850	11218	11014	11017
682.5	10852	11219	11016	11020
683	10853	11223	11018	11022
683.5	10856	11225	11020	11024
684	10859	11229	11023	11026
684.5	10861	11231	11025	11029
685	10862	11234	11027	11031
685.5	10864	11236	11029	11033
686	10866	11240	11032	11035
686.5	10869	11242	11034	11037
687	10871	11245	11036	11040
687.5	10872	11247	11038	11042
688	10874	11249	11040	11044
688.5	10875	11252	11042	11046
689	10877	11253	11044	11048
689.5	10880	11255	11046	11050
690	10881	11258	11048	11052
690.5	10884	11260	11051	11054
691	10885	11262	11053	11057
691.5	10887	11265	11055	11059
692	10888	11267	11058	11061
692.5	10889	11269	11060	11063
693	10890	11273	11062	11066
693.5	10893	11277	11064	11068
694	10895	11280	11066	11070
694.5	10898	11282	11069	11072
695	10900	11286	11070	11074
695.5	10902	11286	11073	11077
696	10904	11288	11075	11079
696.5	10906	11291	11077	11081
697	10908	11292	11079	11083
697.5	10909	11294	11081	11085
698	10910	11296	11083	11088
698.5	10913	11298	11086	11090
699	10917	11300	11088	11092
699.5	10920	11303	11091	11094
700	10922	11307	11092	11096
700.5	10924	11308	11095	11098
701	10927	11310	11097	11101
701.5	10929	11313	11099	11103
702	10932	11315	11101	11105
702.5	10935	11318	11104	11107
703	10938	11322	11106	11109
703.5	10940	11324	11108	11112
704	10945	11326	11111	11114
704.5	10947	11330	11113	11116
705	10949	11333	11116	11119
705.5	10950	11335	11118	11121
706	10952	11338	11120	11123
706.5	10955	11340	11123	11126
