depth	min	max	median	mean
0.5	-45	359	80	99
1.5	-1	387	120	138
2.5	42	415	160	177
3.5	83	444	200	216
4.5	124	473	240	255
5.5	163	502	280	294
6.5	202	533	320	333
7.5	239	564	361	372
8.5	276	596	402	411
9.5	312	629	442	450
10.5	347	663	483	489
11.5	381	697	523	528
12.5	415	733	564	567
13.5	448	770	604	606
14.5	481	808	644	645
15.5	513	848	684	684
16.5	544	888	723	723
17.5	576	930	763	762
18.5	606	974	802	801
19.5	637	1018	841	840
20.5	667	1063	881	879
21.5	697	1109	920	918
22.5	726	1155	959	956
23.5	756	1202	998	995
24.5	785	1250	1037	1034
25.5	813	1298	1076	1073
26.5	842	1346	1115	1112
27.5	870	1394	1154	1151
28.5	898	1443	1193	1190
29.5	925	1492	1232	1229
30.5	953	1522	1261	1258
31.5	981	1532	1278	1276
32.5	1008	1543	1296	1294
33.5	1035	1554	1314	1311
34.5	1061	1566	1332	1329
35.5	1088	1578	1350	1347
36.5	1113	1592	1367	1365
37.5	1138	1605	1385	1383
38.5	1162	1620	1403	1401
39.5	1186	1636	1421	1419
40.5	1209	1653	1438	1437
41.5	1231	1671	1456	1455
42.5	1252	1689	1473	1473
43.5	1272	1708	1491	1491
44.5	1291	1728	1508	1509
45.5	1310	1749	1526	1527
46.5	1327	1771	1543	1545
47.5	1344	1794	1560	1563
48.5	1360	1817	1578	1581
49.5	1374	1841	1595	1599
50.5	1388	1865	1612	1617
51.5	1402	1891	1630	1634
52.5	1415	1916	1647	1652
53.5	1427	1942	1665	1670
54.5	1438	1969	1682	1688
55.5	1449	1996	1700	1706
56.5	1459	2023	1717	1724
57.5	1469	2050	1735	1742
58.5	1479	2079	1752	1760
59.5	1488	2107	1770	1778
60.5	1525	2142	1805	1814
61.5	1589	2182	1859	1867
62.5	1653	2223	1912	1920
63.5	1716	2265	1966	1973
64.5	1779	2307	2019	2027
65.5	1841	2350	2073	2080
66.5	1903	2394	2127	2133
67.5	1964	2437	2180	2186
68.5	2025	2482	2234	2240
69.5	2084	2527	2288	2293
70.5	2142	2573	2341	2346
71.5	2199	2620	2395	2399
72.5	2255	2668	2449	2452
73.5	2310	2717	2503	2506
74.5	2364	2767	2556	2559
75.5	2416	2818	2610	2612
76.5	2467	2871	2664	2665
77.5	2517	2925	2718	2719
78.5	2566	2980	2771	2772
79.5	2614	3036	2825	2825
80.5	2660	3093	2878	2878
81.5	2707	3152	2932	2932
82.5	2752	3211	2985	2985
83.5	2796	3272	3039	3038
84.5	2840	3333	3092	3091
85.5	2883	3396	3145	3145
86.5	2925	3459	3199	3198
87.5	2968	3523	3252	3251
88.5	3010	3587	3305	3304
89.5	3051	3651	3359	3357
90.5	3097	3697	3404	3403
91.5	3145	3728	3441	3440
92.5	3189	3760	3478	3478
93.5	3227	3796	3516	3516
94.5	3259	3835	3555	3553
95.5	3287	3880	3593	3591
96.5	3312	3928	3631	3629
97.5	3333	3981	3669	3666
98.5	3352	4037	3707	3704
99.5	3369	4096	3745	3741
100.5	3383	4157	3782	3779
101.5	3397	4220	3820	3817
102.5	3409	4285	3857	3854
103.5	3420	4351	3894	3892
104.5	3430	4418	3932	3929
105.5	3440	4486	3969	3967
106.5	3449	4555	4006	4005
107.5	3457	4624	4043	4042
108.5	3466	4695	4081	4080
109.5	3473	4765	4118	4117
110.5	3481	4836	4155	4155
111.5	3488	4907	4192	4193
112.5	3495	4979	4229	4230
113.5	3502	5051	4267	4268
114.5	3509	5123	4304	4306
115.5	3515	5196	4341	4343
116.5	3521	5269	4378	4381
117.5	3527	5341	4415	4418
118.5	3534	5415	4452	4456
119.5	3540	5488	4490	4494
120.5	3575	5528	4525	4530
121.5	3641	5535	4559	4565
122.5	3706	5542	4593	4599
123.5	3772	5550	4628	4634
124.5	3836	5558	4662	4669
125.5	3901	5566	4696	4704
126.5	3964	5574	4730	4738
127.5	4028	5582	4765	4773
128.5	4090	5591	4799	4808
129.5	4152	5600	4833	4843
130.5	4214	5609	4867	4878
131.5	4275	5619	4902	4912
132.5	4335	5629	4937	4947
133.5	4394	5639	4971	4982
134.5	4453	5650	5006	5017
135.5	4510	5661	5040	5052
136.5	4567	5673	5075	5086
137.5	4622	5686	5110	5121
138.5	4675	5699	5146	5156
139.5	4727	5714	5181	5191
140.5	4778	5729	5216	5226
141.5	4827	5745	5252	5260
142.5	4874	5763	5287	5295
143.5	4919	5783	5323	5330
144.5	4961	5805	5358	5365
145.5	5002	5829	5394	5399
146.5	5039	5856	5429	5434
147.5	5075	5887	5465	5469
148.5	5108	5921	5500	5504
149.5	5139	5959	5535	5539
150.5	5181	5989	5570	5574
151.5	5237	6007	5607	5611
152.5	5292	6026	5644	5648
153.5	5347	6045	5681	5685
154.5	5401	6065	5718	5722
155.5	5454	6086	5755	5759
156.5	5506	6107	5792	5796
157.5	5557	6129	5829	5832
158.5	5606	6152	5866	5869
159.5	5655	6177	5903	5906
160.5	5703	6203	5940	5943
161.5	5748	6231	5977	5980
162.5	5791	6261	6014	6017
163.5	5831	6292	6051	6053
164.5	5869	6325	6088	6090
165.5	5903	6360	6126	6127
166.5	5935	6397	6163	6164
167.5	5965	6437	6201	6201
168.5	5993	6480	6238	6238
169.5	6019	6524	6275	6275
170.5	6043	6571	6312	6311
171.5	6067	6619	6350	6348
172.5	6089	6669	6387	6385
173.5	6110	6721	6424	6422
174.5	6130	6773	6461	6459
175.5	6149	6826	6498	6496
176.5	6168	6880	6535	6532
177.5	6186	6935	6572	6569
178.5	6204	6991	6609	6606
179.5	6221	7046	6646	6643
180.5	6260	7085	6686	6682
181.5	6321	7108	6728	6725
182.5	6382	7131	6770	6767
183.5	6442	7154	6812	6809
184.5	6502	7178	6854	6851
185.5	6561	7203	6896	6893
186.5	6620	7228	6939	6935
187.5	6678	7255	6981	6977
188.5	6735	7282	7023	7019
189.5	6791	7311	7065	7061
190.5	6846	7341	7107	7103
191.5	6899	7372	7149	7145
192.5	6951	7406	7190	7187
193.5	7001	7441	7232	7229
194.5	7048	7479	7274	7272
195.5	7093	7519	7316	7314
196.5	7136	7562	7358	7356
197.5	7175	7607	7400	7398
198.5	7211	7654	7442	7440
199.5	7245	7703	7484	7482
200.5	7277	7754	7527	7524
201.5	7307	7806	7569	7566
202.5	7335	7860	7611	7608
203.5	7362	7915	7653	7650
204.5	7388	7972	7696	7692
205.5	7413	8030	7738	7734
206.5	7437	8088	7781	7776
207.5	7461	8147	7823	7818
208.5	7484	8207	7865	7861
209.5	7506	8267	7908	7903
210.5	7548	8301	7945	7940
211.5	7611	8309	7979	7974
212.5	7673	8317	8012	8008
213.5	7735	8325	8045	8042
214.5	7796	8334	8079	8075
215.5	7858	8343	8112	8109
216.5	7918	8352	8145	8143
217.5	7978	8363	8179	8176
218.5	8037	8374	8212	8210
219.5	8094	8386	8246	8244
220.5	8149	8400	8279	8277
221.5	8199	8418	8312	8311
222	8222	8429	8329	8328
222.000003333333	8222	8429	8329	8328
222.5	8222	8429	8329	8328
223.5	8222	8429	8329	8328
224.5	8222	8429	8329	8328
225.5	8222	8429	8329	8328
226.5	8222	8429	8329	8328
227.5	8222	8429	8329	8328
228	8222	8429	8329	8328
228.000003333333	8222	8429	8329	8328
228.5	8243	8442	8346	8345
229.5	8280	8473	8379	8378
230.5	8309	8514	8413	8412
231.5	8331	8560	8446	8446
232.5	8348	8613	8479	8480
233.5	8362	8669	8513	8513
234.5	8375	8728	8546	8547
235.5	8386	8787	8579	8581
236.5	8396	8848	8612	8614
237.5	8406	8909	8645	8648
238.5	8415	8970	8678	8682
239.5	8423	9032	8712	8715
240.5	8431	9094	8745	8749
241.5	8440	9157	8778	8783
242.5	8447	9220	8812	8816
243.5	8455	9282	8845	8850
244.5	8463	9345	8878	8884
245.5	8470	9407	8911	8917
246.5	8484	9442	8934	8941
247.5	8502	9448	8947	8953
248.5	8520	9455	8960	8966
249.5	8536	9461	8972	8978
250.5	8552	9468	8985	8991
251.5	8566	9475	8999	9003
252.5	8580	9482	9012	9016
253.5	8592	9490	9025	9029
254.5	8604	9498	9038	9041
255.5	8615	9506	9052	9054
256.5	8626	9514	9066	9066
257.5	8635	9523	9079	9079
258.5	8644	9533	9093	9091
259.5	8653	9542	9107	9104
260.5	8662	9552	9121	9117
261.5	8670	9563	9135	9129
262.5	8678	9574	9149	9142
263.5	8685	9586	9163	9154
264.5	8693	9598	9176	9167
265.5	8700	9611	9190	9179
266.5	8707	9625	9203	9192
267.5	8713	9639	9217	9205
268.5	8720	9655	9230	9217
269.5	8726	9671	9243	9230
270.5	8732	9688	9256	9242
271.5	8738	9706	9268	9255
272.5	8744	9724	9281	9268
273.5	8749	9744	9294	9280
274.5	8755	9764	9306	9293
275.5	8760	9786	9318	9305
276.5	8776	9798	9330	9318
277.5	8803	9802	9341	9330
278.5	8830	9806	9353	9343
279.5	8855	9810	9364	9355
280.5	8881	9815	9376	9368
281.5	8906	9819	9388	9381
282.5	8931	9824	9399	9393
283.5	8955	9828	9411	9406
284.5	8978	9833	9423	9418
285.5	9001	9838	9435	9431
286.5	9023	9843	9447	9443
287.5	9045	9849	9459	9456
288.5	9065	9854	9471	9468
289.5	9085	9860	9484	9481
290.5	9104	9866	9496	9493
291.5	9122	9872	9509	9506
292.5	9139	9879	9522	9519
293.5	9156	9886	9535	9531
294.5	9171	9893	9548	9544
295.5	9186	9900	9561	9556
296.5	9199	9908	9574	9569
297.5	9212	9917	9587	9581
298.5	9225	9926	9600	9594
299.5	9237	9936	9613	9606
300.5	9248	9946	9626	9619
301.5	9258	9958	9639	9631
302.5	9268	9970	9652	9644
303.5	9278	9984	9665	9657
304.5	9287	9998	9678	9669
305.5	9296	10013	9691	9682
306.5	9312	10024	9702	9693
307.5	9334	10028	9711	9703
308.5	9356	10033	9720	9713
309.5	9378	10037	9729	9723
310.5	9399	10042	9738	9734
311.5	9418	10047	9747	9744
312.5	9437	10052	9757	9754
313.5	9455	10058	9767	9764
314.5	9472	10064	9776	9774
315.5	9488	10070	9786	9784
316.5	9503	10076	9796	9794
317.5	9517	10083	9806	9804
318.5	9530	10091	9816	9815
319.5	9542	10099	9826	9825
320.5	9552	10108	9837	9835
321.5	9562	10117	9847	9845
322.5	9570	10128	9857	9855
323.5	9577	10140	9868	9865
324.5	9585	10152	9878	9875
325.5	9591	10166	9888	9886
326.5	9598	10180	9898	9896
327.5	9604	10196	9908	9906
328.5	9610	10213	9917	9916
329.5	9616	10230	9927	9926
330.5	9621	10249	9936	9936
331.5	9626	10269	9946	9946
332.5	9631	10290	9955	9957
333.5	9636	10312	9964	9967
334.5	9641	10334	9973	9977
335.5	9645	10357	9982	9987
336.5	9652	10371	9990	9996
337.5	9662	10377	9998	10004
338.5	9672	10382	10006	10012
339.5	9681	10388	10014	10019
340.5	9689	10394	10022	10027
341.5	9697	10400	10030	10035
342.5	9705	10406	10039	10043
343.5	9712	10412	10047	10051
344.5	9719	10419	10055	10058
345.5	9725	10426	10063	10066
346.5	9732	10433	10071	10074
347.5	9737	10441	10080	10082
348.5	9743	10449	10088	10090
349.5	9748	10457	10096	10098
350.5	9754	10466	10104	10105
351.5	9759	10475	10112	10113
352.5	9764	10484	10120	10121
353.5	9768	10494	10128	10129
354.5	9773	10505	10136	10137
355.5	9777	10516	10144	10144
356.5	9781	10527	10151	10152
357.5	9785	10539	10159	10160
358.5	9789	10552	10167	10168
359.5	9794	10565	10174	10176
360.5	9797	10578	10182	10184
361.5	9801	10592	10189	10191
362.5	9805	10606	10197	10199
363.5	9808	10620	10204	10207
364.5	9812	10635	10211	10215
365.5	9815	10651	10218	10223
366.5	9823	10660	10226	10230
367.5	9834	10664	10234	10238
368.5	9845	10668	10242	10246
369.5	9856	10673	10250	10254
370.5	9866	10677	10258	10262
371.5	9875	10681	10266	10270
372.5	9884	10686	10274	10277
373.5	9893	10691	10282	10285
374.5	9901	10695	10291	10293
375.5	9909	10700	10299	10301
376.5	9916	10706	10307	10309
377.5	9923	10711	10316	10316
378.5	9930	10716	10324	10324
379.5	9937	10722	10333	10332
380.5	9943	10728	10341	10340
381.5	9949	10734	10350	10348
382.5	9954	10740	10358	10355
383.5	9960	10747	10367	10363
384.5	9965	10754	10375	10371
385.5	9971	10762	10383	10379
386.5	9976	10769	10392	10387
387.5	9981	10778	10400	10394
388.5	9986	10786	10408	10402
389.5	9990	10795	10416	10410
390.5	9995	10805	10424	10418
391.5	9999	10815	10432	10426
392.5	10004	10826	10440	10434
393.5	10008	10837	10448	10441
394.5	10012	10848	10456	10449
395.5	10016	10860	10463	10457
396.5	10025	10868	10471	10465
397.5	10039	10871	10479	10473
398.5	10052	10875	10486	10480
399.5	10065	10878	10494	10488
400.5	10077	10881	10502	10496
401.5	10089	10884	10509	10504
402.5	10101	10888	10517	10512
403.5	10112	10892	10525	10519
404.5	10122	10895	10533	10527
405.5	10133	10899	10542	10535
406.5	10142	10903	10550	10543
407.5	10151	10907	10558	10551
408.5	10160	10911	10566	10559
409.5	10169	10915	10575	10566
410.5	10177	10919	10583	10574
411.5	10184	10924	10591	10582
412.5	10191	10929	10600	10590
413.5	10199	10933	10608	10598
414.5	10205	10939	10617	10605
415.5	10212	10944	10626	10613
416.5	10218	10950	10634	10621
417.5	10224	10956	10643	10629
418.5	10230	10962	10651	10637
419.5	10236	10969	10659	10645
420.5	10241	10976	10668	10652
421.5	10246	10984	10676	10660
422.5	10252	10992	10684	10668
423.5	10257	11001	10692	10676
424.5	10262	11010	10700	10684
425.5	10266	11020	10708	10691
426.5	10278	11027	10716	10699
427.5	10296	11029	10723	10707
428.5	10314	11031	10729	10715
429.5	10333	11033	10736	10723
430.5	10350	11036	10743	10730
431.5	10368	11038	10751	10738
432.5	10385	11041	10758	10746
433.5	10402	11043	10765	10754
434.5	10418	11046	10772	10762
435.5	10434	11049	10779	10769
436.5	10450	11052	10787	10777
437.5	10465	11054	10794	10785
438.5	10479	11057	10802	10793
439.5	10493	11061	10809	10801
440.5	10507	11064	10817	10809
441.5	10520	11067	10825	10816
442.5	10532	11071	10832	10824
443.5	10544	11074	10840	10832
444.5	10555	11078	10849	10840
445.5	10566	11082	10857	10848
446.5	10576	11086	10865	10855
447.5	10585	11091	10873	10863
448.5	10595	11095	10882	10871
449.5	10603	11100	10890	10879
450.5	10611	11106	10898	10887
451.5	10619	11111	10907	10894
452.5	10626	11118	10915	10902
453.5	10633	11124	10923	10910
454.5	10640	11132	10932	10918
455.5	10646	11140	10940	10926
456.5	10656	11146	10947	10933
457.5	10671	11149	10953	10940
458.5	10685	11152	10959	10946
459.5	10699	11155	10965	10953
460.5	10712	11158	10972	10960
461.5	10725	11161	10978	10967
462.5	10738	11165	10984	10973
463.5	10750	11169	10990	10980
464.5	10762	11173	10996	10987
465.5	10774	11177	11002	10994
466.5	10785	11182	11009	11000
467.5	10795	11187	11015	11007
468.5	10806	11193	11021	11014
469.5	10815	11198	11027	11021
470.5	10825	11205	11033	11027
471.5	10833	11211	11040	11034
472.5	10841	11218	11046	11041
473.5	10849	11226	11052	11048
474.5	10857	11234	11058	11054
475.5	10864	11242	11065	11061
476.5	10870	11251	11071	11068
477.5	10876	11260	11077	11075
478.5	10882	11270	11084	11081
479.5	10888	11280	11090	11088
480.5	10893	11290	11096	11095
481.5	10898	11301	11103	11101
482.5	10903	11312	11109	11108
483.5	10907	11324	11115	11115
484.5	10911	11336	11122	11122
485.5	10915	11348	11128	11128
486.5	10923	11357	11135	11135
487.5	10935	11361	11141	11143
488.5	10946	11366	11148	11150
489.5	10957	11371	11155	11158
490.5	10966	11376	11163	11165
491.5	10975	11382	11170	11172
492.5	10984	11388	11177	11180
493.5	10992	11394	11184	11187
494.5	10999	11401	11192	11194
495.5	11006	11409	11199	11202
496.5	11012	11417	11207	11209
497.5	11018	11426	11214	11216
498.5	11024	11434	11221	11224
499.5	11029	11444	11228	11231
500.5	11034	11454	11235	11238
501.5	11039	11464	11243	11246
502.5	11044	11475	11249	11253
503.5	11048	11486	11256	11260
504.5	11053	11498	11263	11268
505.5	11057	11511	11270	11275
506.5	11061	11524	11277	11282
507.5	11065	11538	11284	11290
508.5	11068	11552	11290	11297
509.5	11072	11567	11297	11304
510.5	11075	11582	11304	11312
511.5	11078	11598	11310	11319
512.5	11082	11614	11317	11326
513.5	11085	11630	11323	11334
514.5	11088	11646	11330	11341
515.5	11090	11663	11336	11348
516.5	11097	11673	11343	11356
517.5	11107	11678	11350	11363
518.5	11116	11682	11357	11370
519.5	11125	11687	11365	11377
520.5	11133	11691	11372	11384
521.5	11141	11696	11380	11391
522.5	11148	11701	11388	11398
523.5	11155	11706	11395	11405
524.5	11161	11711	11403	11413
525.5	11168	11717	11411	11420
526.5	11173	11723	11419	11427
527.5	11179	11729	11426	11434
528.5	11184	11735	11434	11441
529.5	11189	11742	11442	11448
530.5	11194	11749	11450	11455
531.5	11199	11756	11457	11462
532.5	11203	11764	11465	11470
533.5	11207	11772	11473	11477
534.5	11211	11781	11480	11484
535.5	11215	11789	11488	11491
536.5	11219	11799	11495	11498
537.5	11223	11809	11503	11505
538.5	11226	11818	11510	11512
539.5	11230	11829	11517	11519
540.5	11233	11840	11525	11527
541.5	11236	11851	11532	11534
542.5	11239	11863	11539	11541
543.5	11242	11875	11546	11548
544.5	11245	11888	11553	11555
545.5	11248	11901	11560	11562
546.5	11256	11909	11566	11569
547.5	11269	11913	11573	11576
548.5	11282	11917	11580	11584
549.5	11294	11921	11587	11591
550.5	11306	11925	11593	11598
551.5	11317	11929	11600	11605
552.5	11328	11934	11607	11612
553.5	11339	11938	11614	11619
554.5	11349	11943	11621	11626
555.5	11358	11948	11628	11633
556.5	11367	11953	11635	11641
557.5	11376	11959	11642	11648
558.5	11385	11964	11649	11655
559.5	11392	11970	11656	11662
560.5	11400	11976	11664	11669
561.5	11407	11982	11671	11676
562.5	11414	11988	11678	11683
563.5	11421	11995	11685	11690
564.5	11427	12002	11693	11697
565.5	11433	12010	11700	11705
566.5	11438	12017	11707	11712
567.5	11444	12025	11715	11719
568.5	11449	12033	11722	11726
569.5	11454	12042	11729	11733
570.5	11459	12050	11737	11740
571.5	11463	12059	11744	11747
572.5	11468	12069	11751	11754
573.5	11472	12079	11758	11761
574.5	11476	12089	11766	11769
575.5	11481	12100	11773	11776
576.5	11487	12109	11780	11783
577.5	11496	12116	11787	11791
578.5	11503	12124	11795	11798
579.5	11510	12132	11802	11806
580.5	11518	12141	11810	11813
581.5	11524	12151	11817	11821
582.5	11531	12161	11824	11828
583.5	11537	12171	11831	11836
584.5	11543	12182	11839	11843
585.5	11548	12194	11846	11851
586.5	11553	12207	11853	11858
587.5	11558	12221	11859	11866
588.5	11563	12235	11866	11874
589.5	11568	12250	11873	11881
590.5	11573	12266	11879	11889
591.5	11577	12282	11886	11896
592.5	11581	12299	11893	11904
593.5	11586	12316	11899	11911
594.5	11590	12333	11905	11919
595.5	11593	12351	11912	11926
596.5	11597	12370	11918	11934
597.5	11601	12389	11924	11941
598.5	11605	12408	11930	11949
599.5	11608	12427	11936	11957
600.5	11612	12447	11942	11964
601.5	11615	12467	11948	11972
602.5	11618	12487	11955	11979
603.5	11621	12508	11961	11987
604.5	11624	12529	11967	11994
605.5	11627	12550	11972	12002
606.5	11632	12565	11979	12009
607.5	11640	12575	11986	12017
608.5	11647	12586	11993	12024
609.5	11654	12596	12000	12032
610.5	11660	12608	12007	12039
611.5	11666	12619	12015	12047
612.5	11672	12631	12022	12054
613.5	11678	12643	12029	12062
614.5	11683	12656	12036	12069
615.5	11689	12669	12043	12076
616.5	11694	12683	12050	12084
617.5	11699	12697	12056	12091
618.5	11703	12711	12063	12099
619.5	11708	12727	12070	12106
620.5	11713	12742	12077	12114
621.5	11717	12758	12084	12121
622.5	11721	12774	12090	12129
623.5	11725	12790	12097	12136
624.5	11729	12807	12104	12144
625.5	11733	12824	12110	12151
626.5	11736	12841	12117	12159
627.5	11740	12859	12123	12166
628.5	11743	12877	12130	12174
629.5	11747	12895	12136	12181
630.5	11750	12914	12143	12188
631.5	11753	12933	12149	12196
632.5	11756	12951	12156	12203
633.5	11759	12971	12162	12211
634.5	11762	12990	12168	12218
635.5	11765	13009	12174	12226
636.5	11770	13025	12181	12233
637.5	11778	13035	12188	12241
638.5	11785	13046	12195	12248
639.5	11792	13057	12202	12256
640.5	11799	13069	12209	12263
641.5	11806	13081	12216	12270
642.5	11812	13093	12222	12278
643.5	11818	13106	12229	12285
644.5	11824	13119	12236	12293
645.5	11829	13132	12243	12300
646.5	11834	13146	12250	12308
647.5	11839	13159	12257	12315
648.5	11844	13173	12264	12323
649.5	11849	13188	12270	12330
650.5	11854	13202	12277	12338
651.5	11858	13217	12284	12345
652.5	11863	13232	12291	12352
653.5	11867	13247	12298	12360
654.5	11871	13262	12304	12367
655.5	11875	13279	12311	12375
656.5	11879	13295	12318	12382
657.5	11883	13311	12324	12390
658.5	11886	13328	12331	12397
659.5	11890	13345	12338	12405
660.5	11893	13362	12344	12412
661.5	11897	13379	12351	12419
662.5	11900	13396	12357	12427
663.5	11904	13413	12364	12434
664.5	11907	13431	12370	12442
665.5	11910	13449	12377	12449
666.5	11916	13464	12384	12457
667.5	11924	13474	12390	12464
668.5	11931	13486	12397	12472
669.5	11939	13498	12404	12479
670.5	11946	13510	12410	12487
671.5	11953	13522	12417	12494
672.5	11960	13535	12424	12502
673.5	11966	13548	12431	12509
674.5	11973	13560	12437	12517
675.5	11979	13574	12444	12524
676.5	11985	13587	12451	12531
677.5	11990	13601	12458	12539
678.5	11996	13615	12464	12546
679.5	12001	13629	12471	12554
680.5	12006	13643	12478	12561
681.5	12011	13658	12485	12569
682.5	12016	13673	12491	12576
683.5	12020	13688	12498	12584
684.5	12025	13703	12505	12591
685.5	12029	13719	12512	12599
686.5	12034	13734	12518	12606
687.5	12038	13750	12525	12614
688.5	12042	13767	12532	12621
689.5	12046	13783	12538	12629
690.5	12050	13800	12545	12636
691.5	12054	13816	12552	12644
692.5	12058	13832	12558	12651
693.5	12061	13849	12565	12659
694.5	12065	13866	12572	12666
695.5	12068	13883	12578	12674
696.5	12074	13897	12585	12681
697.5	12083	13908	12591	12688
698.5	12091	13920	12598	12696
699.5	12099	13932	12604	12703
700.5	12107	13944	12610	12711
701.5	12115	13956	12617	12718
702.5	12122	13968	12623	12726
703.5	12129	13982	12630	12733
704.5	12136	13995	12636	12741
705.5	12143	14008	12643	12748
706.5	12149	14021	12650	12756
707.5	12156	14035	12656	12763
708.5	12161	14049	12663	12771
709.5	12167	14063	12669	12778
710.5	12173	14077	12676	12785
711.5	12179	14090	12682	12793
712.5	12184	14104	12689	12800
713.5	12189	14120	12696	12808
714.5	12194	14135	12702	12815
715.5	12199	14150	12709	12823
716.5	12204	14165	12715	12830
717.5	12208	14181	12722	12838
718.5	12213	14197	12729	12845
719.5	12217	14212	12735	12853
720.5	12221	14229	12742	12860
721.5	12226	14245	12749	12868
722.5	12230	14261	12755	12875
723.5	12234	14278	12762	12882
724.5	12238	14294	12768	12890
725.5	12242	14310	12775	12897
726.5	12248	14325	12781	12905
727.5	12258	14335	12788	12912
728.5	12267	14346	12794	12920
729.5	12275	14358	12800	12927
730.5	12284	14369	12806	12935
731.5	12293	14382	12812	12942
732.5	12301	14394	12819	12950
733.5	12309	14405	12825	12957
734.5	12317	14417	12831	12965
735.5	12324	14430	12837	12972
736.5	12331	14442	12844	12980
737.5	12338	14455	12850	12987
738.5	12345	14468	12856	12995
739.5	12352	14481	12863	13002
740.5	12358	14494	12869	13010
741.5	12364	14507	12875	13017
742.5	12370	14521	12882	13025
743.5	12376	14535	12888	13032
744.5	12382	14549	12894	13040
745.5	12388	14563	12901	13047
746.5	12393	14577	12907	13055
747.5	12398	14592	12914	13062
748.5	12403	14606	12920	13070
749.5	12408	14622	12927	13077
750.5	12413	14637	12933	13085
751.5	12417	14652	12940	13092
752.5	12422	14668	12946	13100
753.5	12426	14683	12953	13107
754.5	12430	14699	12959	13114
755.5	12435	14714	12966	13122
756.5	12445	14731	12975	13133
757.5	12462	14747	12987	13146
758.5	12478	14763	12999	13160
759.5	12492	14780	13011	13174
760.5	12506	14798	13023	13188
761.5	12519	14816	13036	13201
762.5	12531	14834	13048	13215
763.5	12542	14854	13061	13229
764.5	12552	14873	13074	13243
765.5	12562	14893	13088	13256
766.5	12571	14914	13102	13270
767.5	12579	14934	13115	13284
768.5	12588	14955	13129	13298
769.5	12595	14977	13143	13311
